15677
15679
15681
15682
15684
15686
15687
15688
15689
15691
15692
15693
15695
15696
15697
15698
15706
15708
15709
15710
15711
15712
15713
15714
15716
15717
15718
15723
15988
15990
15991
15992
15994
15995
15996
15997
16000
16002
16003
16004
16006
16010
16011
16012
16017
16019
16020
16021
16022
16023
16024
16025
16026
16028
16029
16034
16857
16859
16861
16863
16865
16867
16881
16883
16885
16887
16889
16891
12030
12076
12077
12085
12086
12087
12088
12089
12090
12091
12092
12093
12094
12095
12096
12097
12098
12099
12100
12101
12102
12103
12104
12108
12109
12110
12111
12112
12113
12114
12115
12116
12117
12118
12119
12120
12121
12122
12123
12124
12125
12126
12177
12191
12192
12194
12195
12198
12200
12235
12241
12242
12243
12251
12252
12253
12254
12255
12256
12257
12258
12259
12260
12261
12262
12263
12264
12265
12266
12267
12268
12269
12270
12271
12272
12273
12274
12275
12276
12277
12278
12279
12280
12281
3165
3867
3880
3882
5465
5466
5467
5469
5470
6801
11586
11587
11588
11589
11590
11591
11592
11593
11594
11595
11596
11597
11598
11599
11600
11601
11602
11603
11604
11605
11606
11607
11608
11609
11610
11611
11612
11613
11615
11616
11617
11618
11620
11622
11623
11624
11627
11628
11629
11630
11631
11777
11778
11779
11780
11781
11782
11783
11784
11785
11786
11787
11788
11789
11791
11793
11794
11797
11842
11846
11847
11848
11849
11850
11851
11852
11853
11854
11855
11856
11857
11858
11859
11860
11861
11862
11863
11864
11865
11866
11867
12693
12697
15044
15049
15052
15053
15054
15055
15056
15057
15058
15059
15060
15061
15062
15063
15064
15065
15066
15067
15068
15069
15070
15071
15072
15073
15075
15076
15077
15080
15081
15083
15084
15085
15145
15148
15149
15150
15151
15152
15153
15154
15155
15156
15157
15158
15159
15160
15161
15162
15163
15164
15165
15166
15167
15168
15169
15171
15172
15173
15174
15175
15179
15180
15181
15358
